 0 178 10 64;
0 192 0;
0 176 7 100;
0 176 10 64;
0 176 91 0;
0 176 93 0;
0 144 76 57;
0 144 83 57;
0 176 93 0;
0 176 91 0;
0 176 10 64;
0 176 7 100;
0 192 0;
0 176 121 0;
0 178 91 0;
0 193 0;
0 177 7 100;
0 177 10 64;
0 177 91 0;
0 177 93 0;
0 146 70 26;
0 146 71 26;
0 145 47 57;
0 178 93 0;
0 178 121 0;
0 176 121 0;
0 178 7 100;
0 177 121 0;
0 194 0;
250 146 84 27;
333.333 144 71 34;
373.958 146 84 0;
498.958 146 71 0;
666.667 144 68 34;
998.958 146 70 0;
1000 144 64 50;
1000 144 52 49;
1423.96 144 76 0;
1423.96 144 83 0;
1423.96 145 47 0;
1440.62 144 71 0;
1500 146 68 26;
1500 145 70 33;
1748.96 145 70 0;
1750 146 64 26;
1932.29 144 68 0;
1948.96 144 52 0;
1948.96 144 64 0;
1986.46 146 68 0;
1986.46 146 64 0;
